 

Ι. Index scriptorum. 581

Rom. 3, 22—24 . 198, 271ct201.23 Rom. 5, 6 . . .

⁸3, 22-26 ....... 41, 10
3,23 168,27.236,5.

268, 20
3, 23. 24 ...... 234, 1
3, 24 . . .168,3. 169, 2. 1*2.35,

25; οἱ. 165, 14. 199, 11.
215, 11. 516, 3. 537, 26

3, 24. 28 ..... cf. 199, 3
3, 25 ....... cf. 106, 2
3, 26 ....... cf. 18. 16
3, 27 . . . . 169, 19. 174, 21;
cf. 175, 10. 214, 15

3 27. 28 ...... 433, 25
3, 29 ....... cf. 204, 10
3, 30 . . . . 205, 10. 213, 16
3, 31 . . .532, 24; cf. 208, 17
*4, 3 ..... 200, 22. 211, 10
4, 4 ..... cf. 193, 4. 310,
6. 462, 20

*4, 4-8 ........ 41, 18
¹⁸4. 5 . . .18,17.211,11. 233,22;

cf. 12, 17. 18, 11. 25, 13.
163, 2. 199, 11. 214, 14.
219, 21. 255, 1. 269 12

*4, 8 ......... 184, 25
*4,13-15 ...... 434, 3
*4,14 . . . . 514, 20. 531, 8
4, *14. 15 ...... 493, 23.
494, 4. 10

4,15 . . . 178,19.487,23;51.
159, 4. 165. 20. 532, 25

*4, 16 ........ 193, 19
4, 17 ........ 193, 24
*4, 23-25 ....... 41, 26
5, 5 ..... 100, 15. 183. 1.

293, 7. 532,19;cf. 157,22. 159,
14. 179,6. 182,1. 183,6. 189,
11. 196 18. 201, 8. 204,
21. 208, 12. 215, 8. 216, 5.
219, 23. 245, 8. 270, 7. 283,
28. 291, 24. 299, 1. 435, 1

. 23,11. Ι*42, 6;

cf. 53, 18

5. 6. 9 ...... of. 110, 18
5, 8—‘11 ...... 528, 25
5, 10 . . . .cf. 25, 12. 37, 22.
55, 17. 106, 3. 117, 27.

528, 17. 530. 7

*5, 12 . . . . 9, 26.10, 8.11,

21. 12, 3. 13, 6. 134, 5.
141, 9. 145, 5. 13. 201,
20. 238, 14. 267, 18. 268,
22. 328, 28. 329, 10. 355,
14. 527, 9. 529, 7. 544,19;
cf.17,13.32‚20.117,22.129,
9. 474, 5. 543, 12. 549, 12

5, 12. 14 ..... cf. 11. 1
5. 12. 21 ..... cf. 160, 18
*5, 13 . . 13, 9. 13, 17. 178, 2ο
5,14 . . ,13, 22. 14,8. *10. 13.
“ 14, 17; cf. 135,1.140, 23

*5, 15 ......... 15, 1
*5, 16 . . .15‚13.16.3. 16. 20.
20, 23; cf. 312, 30. 314, 16

*5, 16. 18 ...... 113. 12
*5, 17 . . . 16, 25. 17, 17. 22
5,18 . . . *18, 3. 9. *18. 24.

320, 24. 268, 28. 269, 7.
9. ⁸352, 12. 1*529, 18; cf.
14, 15. 54, 7. 114, 18.

134. 27. 396. 4
*5, 19 ......... 19, 24
5, 20 . . 20, 3. 148, 4. 161,

4. 434. 8; cf. 13, 11. 31,
4. 51, 8. 51, 11. 148, 7.
173, 26. 178, 8. 493, 12

*5, 20. 21 . . . 20,5.16ο, 21
*6,1.2 ....... 161, 2
*6,2 ......... 161, 7
*6,3-11 ....... 162, 1
*6,4 . . . . 2ο7,25;51.38, 4
6, 6 ..... ef. 58, 2. 7ο. 8.

109, ,2. 118, 24

