1. Index scriptorum.

Εριι 5, 27 . ,51. 541, 2. 6. 557, 20 Phil. 3, 19 ....... 529, 25
5, 30 ....... 51. 311, 3 4, 4 ......... 559, 1
6, 23 ········ 427, 18 001. *1, 12-14 ...... 45, 27

Phil. *1, 6 ....... 480, 14 *1, 13 . . . 431. 26, 51. 548, 10
1, 21 . . . . 555, 24. 558, 11; 1, 14 ....... 51. 456, 19

51. 559, 8 1, 18 ....... 51. 37, 17

*1, 28. 29 ...... 427, 12 2, 3 -------- cf. 100, 5
2, 6 . . . . 51. 110, 24. 402, 2 *2, 10-15 ------- 46. 4
2, 6. 7 ...... 51. 190, 21 2. 11 -------- 414, 19
2, 7. 8 ...... 51. 37, 15 2, 12 ------- cf· 38, 4
2, 8 . . . ,51. 119. 21. 122, 9 2, 13 ------- cf. 115, 19
*2, 12, 13 , , , 256, 1, 259, 25 2, 14 ....... cf. 120, 14
*2, 13 . . . . .63, 17. 102, 11. 2, 17 . 51. 176, 21. 189.
156, 5. 206, 5. 216, 2. 453, 13. 497, 23

6. 456, 2; 51. 196, 16. 220, 18 3, 3. 4 ....... 509,14

3, 2 ..... *512, 14. 514, 16 3, 5 ---------- 7, ὃ
*3, 4 .......... 512, 23 3, 10 · · -cf 79 20, 191 2
*3, 6 . . . . 512, 26; 51. 91, 18. 400 12 41014
241, 23. 436, 16. 437, 18. 515, 1 3, 25--41 204, 13 469, 20
3, 6-8 ...... 51. 88, 26 471 2· 472 17· 478 23
*3, 6--9 ,,,,,,, 508, 23 ΙΤ11555.4, 12 ..... cf. 408, 18,
3, 6 9 ,,,,,, cf 510 18 4,16 ....... cf. 121, 3
*3 7-11 ,,,,,,,, 92 7 *5, 21 ........ 267, 11
3, 7. 8 ...... 51.513,1 5, 23 · - · 3991113997·
8, 8. 9 ...... 51. 509, 27 413, 25· 414, 0
*3, 9 ,,,,,, 511, 3, 513, 2; 11 Thess. 3, 2 ....... 54, 28
51. 88, 25. 123, 2 1 Tim. 1, 5 . . . 298, 23; 51. 189,

3, 9. 10 ....... 511, 19 12. 204, 22
3 11. 12 ...... 512, 5 *1, 7 ......... 326, 15
3 12 513 8. 565, 18 1, 8 . . . . 51. 105, 9. 169, 8.
51. 94, 16 297, 19

*3, 12. 13 ...... 504, 1 1, 9 ......... 168, 15
*3, 12-14 ....... 92, 26 1, 9. 8 ...... 51. 168, 10
3,12,15 ..51 508 17. 515, 11 *,1 15 . . .248,20;51.236, 11
3,13 ....... 5122512 *1,15.16 ....... 46,16
*3, 13. 14 . . . 391, 28. 513, 11 1, 2ο ....... 51. 256, 19
*3, 15 . . ,94,16. 464,14. 504, 2, 4 . . . ,51. 216, 10. 216, 18
5. 513, 26. 514, 5. 565, 19 2, 5 ..... 202, 1. 457, 11;

*3, 15. 16 . . . 93, 14. 95, 14 51. 25, 12. 37, 21. 71, 17.
*3, 16 ........ 514, 8 117, 27. 254, 29. 271, 7.
*3, 17-19 ...... 514, 11 292, 9. 432, 21. 452, 25.
3, 18 ..... 51. 524, 1. 529, 24 526, 17

